THREAD_GROUP(
DESCRIPTION("Metric"),
DIMENSION(METRIC),
THREAD_ANGLE(30.0),
INCLUDED_ANGLE(60.0),
INFEED_ID(29.0),
INFEED_OD(29),
TAPER(0.0),
THREAD(1.6,0.35,1.221,1.6,1.221,1.6,0.0000,0.0000,"Coarse"),
THREAD(2,0.4,1.567,2,1.567,2,0.0000,0.0000,"Coarse"),
THREAD(2.5,0.45,2.013,2.5,2.013,2.5,0.0000,0.0000,"Coarse"),
THREAD(3,0.5,2.459,3,2.459,3,0.0000,0.0000,"Coarse"),
THREAD(3.5,0.6,2.850,3.5,2.850,3.5,0.0000,0.0000,"Coarse"),
THREAD(4,0.7,3.242,4,3.242,4,0.0000,0.0000,"Coarse"),
THREAD(5,0.8,4.134,5,4.134,5,0.0000,0.0000,"Coarse"),
THREAD(6,1,4.917,6,4.917,6,0.0000,0.0000,"Coarse"),
THREAD(8,1.25,6.647,8,6.647,8,0.0000,0.0000,"Coarse"),
THREAD(8,1,6.917,8,6.917,8,0.0000,0.0000,"Fine"),
THREAD(10,1.5,8.376,10,8.376,10,0.0000,0.0000,"Coarse"),
THREAD(10,1.25,8.647,10,8.647,10,0.0000,0.0000,"Fine"),
THREAD(10,0.75,9.188,10,9.188,10,0.0000,0.0000,"Fine"),
THREAD(12,1.75,10.106,12,10.106,12,0.0000,0.0000,"Coarse"),
THREAD(12,1.5,10.376,12,10.376,12,0.0000,0.0000,"Fine"),
THREAD(12,1.25,10.647,12,10.647,12,0.0000,0.0000,"Fine"),
THREAD(12,1,10.917,12,10.917,12,0.0000,0.0000,"Fine"),
THREAD(14,2,11.835,14,11.835,14,0.0000,0.0000,"Coarse"),
THREAD(14,1.5,12.376,14,12.376,14,0.0000,0.0000,"Fine"),
THREAD(15,1,13.917,15,13.917,15,0.0000,0.0000,"Fine"),
THREAD(16,2,13.835,16,13.835,16,0.0000,0.0000,"Coarse"),
THREAD(16,1.5,14.376,16,14.376,16,0.0000,0.0000,"Fine"),
THREAD(17,1,15.917,17,15.917,17,0.0000,0.0000,"Fine"),
THREAD(18,1.5,16.376,18,16.376,18,0.0000,0.0000,"Fine"),
THREAD(20,2.5,17.294,20,17.294,20,0.0000,0.0000,"Coarse"),
THREAD(20,1.5,18.376,20,18.376,20,0.0000,0.0000,"Fine"),
THREAD(20,1,18.917,20,18.917,20,0.0000,0.0000,"Fine"),
THREAD(22,2.5,19.294,22,19.294,22,0.0000,0.0000,"Coarse"),
THREAD(22,1.5,20.376,22,20.376,22,0.0000,0.0000,"Fine"),
THREAD(24,3,20.752,24,20.752,24,0.0000,0.0000,"Coarse"),
THREAD(24,2,21.835,24,21.835,24,0.0000,0.0000,"Fine"),
THREAD(25,1.5,23.376,25,23.376,25,0.0000,0.0000,"Fine"),
THREAD(27,3,23.752,27,23.752,27,0.0000,0.0000,"Coarse"),
THREAD(27,2,24.835,27,24.835,27,0.0000,0.0000,"Fine"),
THREAD(30,3.5,26.211,30,26.211,30,0.0000,0.0000,"Coarse"),
THREAD(30,2,27.835,30,27.835,30,0.0000,0.0000,"Fine"),
THREAD(30,1.5,28.376,30,28.376,30,0.0000,0.0000,"Fine"),
THREAD(33,2,30.835,33,30.835,33,0.0000,0.0000,"Fine"),
THREAD(35,1.5,33.376,35,33.376,35,0.0000,0.0000,"Fine"),
THREAD(36,4,31.670,36,31.670,36,0.0000,0.0000,"Coarse"),
THREAD(36,2,33.835,36,33.835,36,0.0000,0.0000,"Fine"),
THREAD(39,2,36.835,39,36.835,39,0.0000,0.0000,"Fine"),
THREAD(40,1.5,38.376,40,38.376,40,0.0000,0.0000,"Fine"),
THREAD(42,4.5,37.129,42,37.129,42,0.0000,0.0000,"Coarse"),
THREAD(42,2,39.835,42,39.835,42,0.0000,0.0000,"Fine"),
THREAD(45,1.5,43.376,45,43.376,45,0.0000,0.0000,"Fine"),
THREAD(48,5,42.587,48,42.587,48,0.0000,0.0000,"Coarse"),
THREAD(48,2,45.835,48,45.835,48,0.0000,0.0000,"Fine"),
THREAD(50,1.5,48.376,50,48.376,50,0.0000,0.0000,"Fine"),
THREAD(55,1.5,53.376,55,53.376,55,0.0000,0.0000,"Fine"),
THREAD(56,5.5,50.046,56,50.046,56,0.0000,0.0000,"Coarse"),
THREAD(56,2,53.835,56,53.835,56,0.0000,0.0000,"Fine"),
THREAD(60,1.5,58.376,60,58.376,60,0.0000,0.0000,"Fine"),
THREAD(64,6,57.505,64,57.505,64,0.0000,0.0000,"Coarse"),
THREAD(64,2,61.835,64,61.835,64,0.0000,0.0000,"Fine"),
THREAD(65,1.5,63.376,65,63.376,65,0.0000,0.0000,"Fine"),
THREAD(70,1.5,68.376,70,68.376,70,0.0000,0.0000,"Fine"),
THREAD(72,6,65.505,72,65.505,72,0.0000,0.0000,"Coarse"),
THREAD(72,2,69.835,72,69.835,72,0.0000,0.0000,"Fine"),
THREAD(75,1.5,73.376,75,73.376,75,0.0000,0.0000,"Fine"),
THREAD(80,6,73.505,80,73.505,80,0.0000,0.0000,"Coarse"),
THREAD(80,2,77.835,80,77.835,80,0.0000,0.0000,"Fine"),
THREAD(80,1.5,78.376,80,78.376,80,0.0000,0.0000,"Fine"),
THREAD(85,2,82.835,85,82.835,85,0.0000,0.0000,"Fine"),
THREAD(90,6,83.505,90,83.505,90,0.0000,0.0000,"Coarse"),
THREAD(90,2,87.835,90,87.835,90,0.0000,0.0000,"Fine"),
THREAD(95,2,92.835,95,92.835,95,0.0000,0.0000,"Fine"),
THREAD(100,6,93.505,100,93.505,100,0.0000,0.0000,"Coarse"),
THREAD(100,2,97.835,100,97.835,100,0.0000,0.0000,"Fine"),
THREAD(105,2,102.835,105,102.835,105,0.0000,0.0000,"Fine"),
THREAD(110,2,107.835,110,107.835,110,0.0000,0.0000,"Fine"),
THREAD(120,2,117.835,120,117.835,120,0.0000,0.0000,"Fine"),
THREAD(130,2,127.835,130,127.835,130,0.0000,0.0000,"Fine"),
THREAD(140,2,137.835,140,137.835,140,0.0000,0.0000,"Fine"),
THREAD(150,2,147.835,150,147.835,150,0.0000,0.0000,"Fine"),
THREAD(160,3,156.752,160,156.752,160,0.0000,0.0000,"Fine"),
THREAD(170,3,166.752,170,166.752,170,0.0000,0.0000,"Fine"),
THREAD(180,3,176.752,180,176.752,180,0.0000,0.0000,"Fine"),
THREAD(190,3,186.752,190,186.752,190,0.0000,0.0000,"Fine"),
THREAD(200,3,196.752,200,196.752,200,0.0000,0.0000,"Fine")
),
THREAD_GROUP(
DESCRIPTION("UNC"),
DIMENSION(INCH),
THREAD_ANGLE(30.0),
INCLUDED_ANGLE(60.0),
INFEED_ID(29.0),
INFEED_OD(29),
TAPER(0.0),
THREAD(0.0730,64.0,0.0561,0.0730,0.0561,0.0730,0.0006,0.0006,"Size 1 UNC"),
THREAD(0.0860,56.0,0.0667,0.0860,0.0667,0.0860,0.0006,0.0006,"Size 2 UNC"),
THREAD(0.0990,48.0,0.0764,0.0990,0.0764,0.0990,0.0007,0.0007,"Size 3 UNC"),
THREAD(0.1120,40.0,0.0849,0.1120,0.0849,0.1120,0.0008,0.0008,"Size 4 UNC"),
THREAD(0.1250,40.0,0.0979,0.1250,0.0979,0.1250,0.0008,0.0008,"Size 5 UNC"),
THREAD(0.1380,32.0,0.1042,0.1380,0.1042,0.1380,0.0008,0.0008,"Size 6 UNC"),
THREAD(0.1640,32.0,0.1302,0.1640,0.1302,0.1640,0.0009,0.0009,"Size 8 UNC"),
THREAD(0.1900,24.0,0.1449,0.1900,0.1449,0.1900,0.0010,0.0010,"Size 10 UNC"),
THREAD(0.2160,24.0,0.1709,0.2160,0.1709,0.2160,0.0010,0.0010,"Size 12 UNC"),
THREAD(0.2500,20.0,0.1959,0.2500,0.1959,0.2500,0.0011,0.0011,"1/4 UNC"),
THREAD(0.3125,18.0,0.2524,0.3125,0.2524,0.3125,0.0012,0.0012,"5/16 UNC"),
THREAD(0.3750,16.0,0.3073,0.3750,0.3073,0.3750,0.0013,0.0013,"3/8 UNC"),
THREAD(0.4375,14.0,0.3602,0.4375,0.3602,0.4375,0.0014,0.0014,"7/16 UNC"),
THREAD(0.5000,13.0,0.4167,0.5000,0.4167,0.5000,0.0015,0.0015,"1/2 UNC"),
THREAD(0.5625,12.0,0.4723,0.5625,0.4723,0.5625,0.0016,0.0016,"9/16 UNC"),
THREAD(0.6250,11.0,0.5266,0.6250,0.5266,0.6250,0.0016,0.0016,"5/8 UNC"),
THREAD(0.7500,10.0,0.6417,0.7500,0.6417,0.7500,0.0017,0.0017,"3/4 UNC"),
THREAD(0.8750,9.0,0.7547,0.8750,0.7547,0.8750,0.0019,0.0019,"7/8 UNC"),
THREAD(1.0000,8.0,0.8647,1.0000,0.8647,1.0000,0.0020,0.0020,"1 UNC"),
THREAD(1.1250,7.0,0.9704,1.1250,0.9704,1.1250,0.0022,0.0022,"1-1/8 UNC"),
THREAD(1.2500,7.0,1.0954,1.2500,1.0954,1.2500,0.0022,0.0022,"1-1/4 UNC"),
THREAD(1.3750,6.0,1.1946,1.3750,1.1946,1.3750,0.0024,0.0024,"1-3/8 UNC"),
THREAD(1.5000,6.0,1.3196,1.5000,1.3196,1.5000,0.0024,0.0024,"1-1/2 UNC"),
THREAD(1.7500,5.0,1.5335,1.7500,1.5335,1.7500,0.0027,0.0027,"1-3/4 UNC"),
THREAD(2.0000,4.5,1.7594,2.0000,1.7594,2.0000,0.0029,0.0029,"2 UNC"),
THREAD(2.2500,4.5,2.0094,2.2500,2.0094,2.2500,0.0029,0.0029,"2-1/4 UNC"),
THREAD(2.5000,4.0,2.2294,2.5000,2.2294,2.5000,0.0031,0.0031,"2-1/2 UNC"),
THREAD(2.7500,4.0,2.4794,2.7500,2.4794,2.7500,0.0032,0.0032,"2-3/4 UNC"),
THREAD(3.0000,4.0,2.7294,3.0000,2.7294,3.0000,0.0032,0.0032,"3 UNC"),
THREAD(3.2500,4.0,2.9794,3.2500,2.9794,3.2500,0.0033,0.0033,"3-1/4 UNC"),
THREAD(3.5000,4.0,3.2294,3.5000,3.2294,3.5000,0.0033,0.0033,"3-1/2 UNC"),
THREAD(3.7500,4.0,3.4794,3.7500,3.4794,3.7500,0.0034,0.0034,"3-3/4 UNC"),
THREAD(4.0000,4.0,3.7294,4.0000,3.7294,4.0000,0.0034,0.0034,"4 UNC")
),
THREAD_GROUP(
DESCRIPTION("UNF"),
DIMENSION(INCH),
THREAD_ANGLE(30.0),
INCLUDED_ANGLE(60.0),
INFEED_ID(29.0),
INFEED_OD(29),
TAPER(0.0),
THREAD(0.0600,80.0,0.0465,0.0600,0.0465,0.0600,0.0005,0.0005,"Size 0 UNF"),
THREAD(0.0730,72.0,0.0580,0.0730,0.0580,0.0730,0.0006,0.0006,"Size 1 UNF"),
THREAD(0.0860,64.0,0.0691,0.0860,0.0691,0.0860,0.0006,0.0006,"Size 2 UNF"),
THREAD(0.0990,56.0,0.0797,0.0990,0.0797,0.0990,0.0007,0.0007,"Size 3 UNF"),
THREAD(0.1120,48.0,0.0894,0.1120,0.0894,0.1120,0.0007,0.0007,"Size 4 UNF"),
THREAD(0.1250,44.0,0.1004,0.1250,0.1004,0.1250,0.0007,0.0007,"Size 5 UNF"),
THREAD(0.1380,40.0,0.1109,0.1380,0.1109,0.1380,0.0008,0.0008,"Size 6 UNF"),
THREAD(0.1640,36.0,0.1339,0.1640,0.1339,0.1640,0.0008,0.0008,"Size 8 UNF"),
THREAD(0.1900,32.0,0.1562,0.1900,0.1562,0.1900,0.0009,0.0009,"Size 10 UNF"),
THREAD(0.2160,28.0,0.1773,0.2160,0.1773,0.2160,0.0010,0.0010,"Size 12 UNF"),
THREAD(0.2500,28.0,0.2113,0.2500,0.2113,0.2500,0.0010,0.0010,"1/4 UNF"),
THREAD(0.3125,24.0,0.2674,0.3125,0.2674,0.3125,0.0011,0.0011,"5/16 UNF"),
THREAD(0.3750,24.0,0.3299,0.3750,0.3299,0.3750,0.0011,0.0011,"3/8 UNF"),
THREAD(0.4375,20.0,0.3834,0.4375,0.3834,0.4375,0.0013,0.0013,"7/16 UNF"),
THREAD(0.5000,20.0,0.4459,0.5000,0.4459,0.5000,0.0013,0.0013,"1/2 UNF"),
THREAD(0.5625,18.0,0.5024,0.5625,0.5024,0.5625,0.0014,0.0014,"9/16 UNF"),
THREAD(0.6250,18.0,0.5649,0.6250,0.5649,0.6250,0.0014,0.0014,"5/8 UNF"),
THREAD(0.7500,16.0,0.6823,0.7500,0.6823,0.7500,0.0014,0.0014,"3/4 UNF"),
THREAD(0.8750,14.0,0.7977,0.8750,0.7977,0.8750,0.0016,0.0016,"7/8 UNF"),
THREAD(1.0000,12.0,0.9098,1.0000,0.9098,1.0000,0.0018,0.0018,"1 UNF"),
THREAD(1.1250,12.0,1.0348,1.1250,1.0348,1.1250,0.0018,0.0018,"1-1/8 UNF"),
THREAD(1.2500,12.0,1.1598,1.2500,1.1598,1.2500,0.0018,0.0018,"1-1/4 UNF"),
THREAD(1.3750,12.0,1.2848,1.3750,1.2848,1.3750,0.0019,0.0019,"1-3/8 UNF"),
THREAD(1.5000,12.0,1.4098,1.5000,1.4098,1.5000,0.0019,0.0019,"1-1/2 UNF")
),
THREAD_GROUP(
DESCRIPTION("UNEF"),
DIMENSION(INCH),
THREAD_ANGLE(30.0),
INCLUDED_ANGLE(60.0),
INFEED_ID(29.0),
INFEED_OD(29),
TAPER(0.0),
THREAD(0.2160,32.0,0.1822,0.2160,0.1822,0.2160,0.0009,0.0009,"Size 12 UNEF"),
THREAD(0.2500,32.0,0.2162,0.2500,0.2162,0.2500,0.0010,0.0010,"1/4 UNEF"),
THREAD(0.3125,32.0,0.2787,0.3125,0.2787,0.3125,0.0010,0.0010,"5/16 UNEF"),
THREAD(0.3750,32.0,0.3412,0.3750,0.3412,0.3750,0.0010,0.0010,"3/8 UNEF"),
THREAD(0.4375,28.0,0.3988,0.4375,0.3988,0.4375,0.0011,0.0011,"7/16 UNEF"),
THREAD(0.5000,28.0,0.4613,0.5000,0.4613,0.5000,0.0011,0.0011,"1/2 UNEF"),
THREAD(0.5625,24.0,0.5174,0.5625,0.5174,0.5625,0.0012,0.0012,"9/16 UNEF"),
THREAD(0.6250,24.0,0.5799,0.6250,0.5799,0.6250,0.0012,0.0012,"5/8 UNEF"),
THREAD(0.6875,24.0,0.6424,0.6875,0.6424,0.6875,0.0012,0.0012,"11/16 UNEF"),
THREAD(0.7500,20.0,0.6959,0.7500,0.6959,0.7500,0.0012,0.0012,"3/4 UNEF"),
THREAD(0.8125,20.0,0.7584,0.8125,0.7584,0.8125,0.0013,0.0013,"13/16 UNEF"),
THREAD(0.8750,20.0,0.8209,0.8750,0.8209,0.8750,0.0013,0.0013,"7/8,20,UNEF"),
THREAD(0.9375,20.0,0.8834,0.9375,0.8834,0.9375,0.0014,0.0014,"15/16 UNEF"),
THREAD(1.0000,20.0,0.9459,1.0000,0.9459,1.0000,0.0014,0.0014,"1 UNEF"),
THREAD(1.0625,18.0,1.0024,1.0625,1.0024,1.0625,0.0014,0.0014,"1-1/16 UNEF"),
THREAD(1.1250,18.0,1.0649,1.1250,1.0649,1.1250,0.0014,0.0014,"1-1/8 UNEF"),
THREAD(1.1875,18.0,1.1274,1.1875,1.1274,1.1875,0.0015,0.0015,"1-3/16 UNEF"),
THREAD(1.2500,18.0,1.1899,1.2500,1.1899,1.2500,0.0015,0.0015,"1-1/4 UNEF"),
THREAD(1.3125,18.0,1.2524,1.3125,1.2524,1.3125,0.0015,0.0015,"1-5/16 UNEF"),
THREAD(1.3750,18.0,1.3149,1.3750,1.3149,1.3750,0.0015,0.0015,"1-3/8 UNEF"),
THREAD(1.4375,18.0,1.3774,1.4375,1.3774,1.4375,0.0015,0.0015,"1-7/16 UNEF"),
THREAD(1.5000,18.0,1.4399,1.5000,1.4399,1.5000,0.0015,0.0015,"1-1/2 UNEF"),
THREAD(1.5625,18.0,1.5024,1.5625,1.5024,1.5625,0.0015,0.0015,"1-9/16 UNEF"),
THREAD(1.6250,18.0,1.5649,1.6250,1.5649,1.6250,0.0015,0.0015,"1-5/8 UNEF"),
THREAD(1.6875,18.0,1.6274,1.6875,1.6274,1.6875,0.0015,0.0015,"1-11/16 UNEF")
),
THREAD_GROUP(
DESCRIPTION("06-UN"),
DIMENSION(INCH),
THREAD_ANGLE(30.0),
INCLUDED_ANGLE(60.0),
INFEED_ID(29.0),
INFEED_OD(29),
TAPER(0.0),
THREAD(1.3750,6.0,1.1946,1.3750,1.1946,1.3750,0.0024,0.0024,"1-3/8"),
THREAD(1.4375,6.0,1.2571,1.4375,1.2571,1.4375,0.0024,0.0024,"1-7/16"),
THREAD(1.5000,6.0,1.3196,1.5000,1.3196,1.5000,0.0024,0.0024,"1-1/2"),
THREAD(1.5625,6.0,1.3821,1.5625,1.3821,1.5625,0.0024,0.0024,"1-9/16"),
THREAD(1.6250,6.0,1.4446,1.6250,1.4446,1.6250,0.0025,0.0025,"1-5/8"),
THREAD(1.6875,6.0,1.5071,1.6875,1.5071,1.6875,0.0025,0.0025,"1-11/16"),
THREAD(1.7500,6.0,1.5696,1.7500,1.5696,1.7500,0.0025,0.0025,"1-3/4"),
THREAD(1.8125,6.0,1.6321,1.8125,1.6321,1.8125,0.0025,0.0025,"1-13/16"),
THREAD(1.8750,6.0,1.6946,1.8750,1.6946,1.8750,0.0025,0.0025,"1-7/8"),
THREAD(1.9375,6.0,1.7571,1.9375,1.7571,1.9375,0.0026,0.0026,"1-15/16"),
THREAD(2.0000,6.0,1.8196,2.0000,1.8196,2.0000,0.0026,0.0026,"2"),
THREAD(2.1250,6.0,1.9446,2.1250,1.9446,2.1250,0.0026,0.0026,"2-1/8"),
THREAD(2.2500,6.0,2.0696,2.2500,2.0696,2.2500,0.0026,0.0026,"2-1/4"),
THREAD(2.3750,6.0,2.1946,2.3750,2.1946,2.3750,0.0027,0.0027,"2-3/8"),
THREAD(2.5000,6.0,2.3196,2.5000,2.3196,2.5000,0.0027,0.0027,"2-1/2"),
THREAD(2.6250,6.0,2.4446,2.6250,2.4446,2.6250,0.0027,0.0027,"2-5/8"),
THREAD(2.7500,6.0,2.5696,2.7500,2.5696,2.7500,0.0027,0.0027,"2-3/4"),
THREAD(2.8750,6.0,2.6946,2.8750,2.6946,2.8750,0.0028,0.0028,"2-7/8"),
THREAD(3.0000,6.0,2.8196,3.0000,2.8196,3.0000,0.0028,0.0028,"3"),
THREAD(3.1250,6.0,2.9446,3.1250,2.9446,3.1250,0.0028,0.0028,"3-1/8"),
THREAD(3.2500,6.0,3.0696,3.2500,3.0696,3.2500,0.0028,0.0028,"3-1/4"),
THREAD(3.3750,6.0,3.1946,3.3750,3.1946,3.3750,0.0029,0.0029,"3-3/8"),
THREAD(3.5000,6.0,3.3196,3.5000,3.3196,3.5000,0.0029,0.0029,"3-1/2"),
THREAD(3.6250,6.0,3.4446,3.6250,3.4446,3.6250,0.0029,0.0029,"3-5/8"),
THREAD(3.7500,6.0,3.5696,3.7500,3.5696,3.7500,0.0029,0.0029,"3-3/4"),
THREAD(3.8750,6.0,3.6946,3.8750,3.6946,3.8750,0.0030,0.0030,"3-7/8"),
THREAD(4.0000,6.0,3.8196,4.0000,3.8196,4.0000,0.0030,0.0030,"4")
),
THREAD_GROUP(
DESCRIPTION("08-UN"),
DIMENSION(INCH),
THREAD_ANGLE(30.0),
INCLUDED_ANGLE(60.0),
INFEED_ID(29.0),
INFEED_OD(29),
TAPER(0.0),
THREAD(1.0000,8.0,0.8647,1.0000,0.8647,1.0000,0.0020,0.0020,"1"),
THREAD(1.0625,8.0,0.9272,1.0625,0.9272,1.0625,0.0020,0.0020,"1-1/16"),
THREAD(1.1250,8.0,0.9897,1.1250,0.9897,1.1250,0.0021,0.0021,"1-1/8"),
THREAD(1.1875,8.0,1.0522,1.1875,1.0522,1.1875,0.0021,0.0021,"1-3/16"),
THREAD(1.2500,8.0,1.1147,1.2500,1.1147,1.2500,0.0021,0.0021,"1-1/4"),
THREAD(1.3125,8.0,1.1772,1.3125,1.1772,1.3125,0.0021,0.0021,"1-5/16"),
THREAD(1.3750,8.0,1.2397,1.3750,1.2397,1.3750,0.0022,0.0022,"1-3/8"),
THREAD(1.4375,8.0,1.3022,1.4375,1.3022,1.4375,0.0022,0.0022,"1-7/16"),
THREAD(1.5000,8.0,1.3647,1.5000,1.3647,1.5000,0.0022,0.0022,"1-1/2"),
THREAD(1.5625,8.0,1.4272,1.5625,1.4272,1.5625,0.0022,0.0022,"1-9/16"),
THREAD(1.6250,8.0,1.4897,1.6250,1.4897,1.6250,0.0022,0.0022,"1-5/8"),
THREAD(1.6875,8.0,1.5522,1.6875,1.5522,1.6875,0.0022,0.0022,"1-11/16"),
THREAD(1.7500,8.0,1.6147,1.7500,1.6147,1.7500,0.0023,0.0023,"1-3/4"),
THREAD(1.8125,8.0,1.6772,1.8125,1.6772,1.8125,0.0023,0.0023,"1-13/16"),
THREAD(1.8750,8.0,1.7397,1.8750,1.7397,1.8750,0.0023,0.0023,"1-7/8"),
THREAD(1.9375,8.0,1.8022,1.9375,1.8022,1.9375,0.0023,0.0023,"1-15/16"),
THREAD(2.0000,8.0,1.8647,2.0000,1.8647,2.0000,0.0023,0.0023,"2,"),
THREAD(2.1250,8.0,1.9897,2.1250,1.9897,2.1250,0.0024,0.0024,"2-1/8"),
THREAD(2.2500,8.0,2.1147,2.2500,2.1147,2.2500,0.0024,0.0024,"2-1/4"),
THREAD(2.3750,8.0,2.2397,2.3750,2.2397,2.3750,0.0024,0.0024,"2-3/8"),
THREAD(2.5000,8.0,2.3647,2.5000,2.3647,2.5000,0.0024,0.0024,"2-1/2"),
THREAD(2.6250,8.0,2.4897,2.6250,2.4897,2.6250,0.0025,0.0025,"2-5/8"),
THREAD(2.7500,8.0,2.6147,2.7500,2.6147,2.7500,0.0025,0.0025,"2-3/4"),
THREAD(2.8750,8.0,2.7397,2.8750,2.7397,2.8750,0.0025,0.0025,"2-7/8"),
THREAD(3.0000,8.0,2.8647,3.0000,2.8647,3.0000,0.0026,0.0026,"3"),
THREAD(3.1250,8.0,2.9897,3.1250,2.9897,3.1250,0.0026,0.0026,"3-1/8"),
THREAD(3.2500,8.0,3.1147,3.2500,3.1147,3.2500,0.0026,0.0026,"3-1/4"),
THREAD(3.3750,8.0,3.2397,3.3750,3.2397,3.3750,0.0026,0.0026,"3-3/8"),
THREAD(3.5000,8.0,3.3647,3.5000,3.3647,3.5000,0.0026,0.0026,"3-1/2"),
THREAD(3.6250,8.0,3.4897,3.6250,3.4897,3.6250,0.0027,0.0027,"3-5/8"),
THREAD(3.7500,8.0,3.6147,3.7500,3.6147,3.7500,0.0027,0.0027,"3-3/4"),
THREAD(3.8750,8.0,3.7397,3.8750,3.7397,3.8750,0.0027,0.0027,"3-7/8"),
THREAD(4.0000,8.0,3.8647,4.0000,3.8647,4.0000,0.0027,0.0027,"4")
),
THREAD_GROUP(
DESCRIPTION("10-UN"),
DIMENSION(INCH),
THREAD_ANGLE(30.0),
INCLUDED_ANGLE(60.0),
INFEED_ID(29.0),
INFEED_OD(29),
TAPER(0.0),
THREAD(0.7500,10.0,0.6417,0.7500,0.6417,0.0017,0.0017,0.7500,"3/4"),
THREAD(0.8750,10.0,0.7667,0.8750,0.7667,0.8750,0.0018,0.0018,"7/8"),
THREAD(1.0000,10.0,0.8917,1.0000,0.8917,1.0000,0.0018,0.0018,"1"),
THREAD(1.1250,10.0,1.0167,1.1250,1.0167,1.1250,0.0018,0.0018,"1-1/8"),
THREAD(1.2500,10.0,1.1417,1.2500,1.1417,1.2500,0.0019,0.0019,"1-1/4"),
THREAD(1.3750,10.0,1.2667,1.3750,1.2667,1.3750,0.0019,0.0019,"1-3/8"),
THREAD(1.5000,10.0,1.3917,1.5000,1.3917,1.5000,0.0019,0.0019,"1-1/2"),
THREAD(1.6250,10.0,1.5167,1.6250,1.5167,1.6250,0.0019,0.0019,"1-5/8"),
THREAD(1.7500,10.0,1.6417,1.7500,1.6417,1.7500,0.0019,0.0019,"1-3/4"),
THREAD(1.8750,10.0,1.7667,1.8750,1.7667,1.8750,0.0019,0.0019,"1-7/8"),
THREAD(2.0000,10.0,1.8917,2.0000,1.8917,2.0000,0.0020,0.0020,"2"),
THREAD(2.2500,10.0,2.1417,2.2500,2.1417,2.2500,0.0020,0.0020,"2-1/4"),
THREAD(2.5000,10.0,2.3917,2.5000,2.3917,2.5000,0.0020,0.0020,"2-1/2"),
THREAD(2.7500,10.0,2.6417,2.7500,2.6417,2.7500,0.0020,0.0020,"2-3/4"),
THREAD(3.0000,10.0,2.8917,3.0000,2.8917,3.0000,0.0020,0.0020,"3"),
THREAD(3.2500,10.0,3.1417,3.2500,3.1417,3.2500,0.0020,0.0020,"3-1/4"),
THREAD(3.5000,10.0,3.3917,3.5000,3.3917,3.5000,0.0021,0.0021,"3-1/2"),
THREAD(3.7500,10.0,3.6417,3.7500,3.6417,3.7500,0.0021,0.0021,"3-3/4"),
THREAD(4.0000,10.0,3.8917,4.0000,3.8917,4.0000,0.0021,0.0021,"4")
),
THREAD_GROUP(
DESCRIPTION("12-UN"),
DIMENSION(INCH),
THREAD_ANGLE(30.0),
INCLUDED_ANGLE(60.0),
INFEED_ID(29.0),
INFEED_OD(29),
TAPER(0.0),
THREAD(0.5000,12.0,0.4098,0.5000,0.4098,0.5000,0.0016,0.0016,"1/2"),
THREAD(0.5625,12.0,0.5625,0.4723,0.5625,0.4723,0.0016,0.0016,"9/16"),
THREAD(0.6250,12.0,0.5348,0.6250,0.5348,0.6250,0.0016,0.0016,"5/8"),
THREAD(0.6875,12.0,0.5973,0.6875,0.5973,0.6875,0.0016,0.0016,"11/16"),
THREAD(0.7500,12.0,0.6598,0.7500,0.6598,0.7500,0.0016,0.0016,"3/4"),
THREAD(0.8125,12.0,0.7223,0.8125,0.7223,0.8125,0.0017,0.0017,"13/16"),
THREAD(0.8750,12.0,0.7848,0.8750,0.7848,0.8750,0.0017,0.0017,"7/8"),
THREAD(0.9375,12.0,0.8473,0.9375,0.8473,0.9375,0.0017,0.0017,"15/16"),
THREAD(1.0000,12.0,0.9098,1.0000,0.9098,1.0000,0.0017,0.0017,"1"),
THREAD(1.0625,12.0,0.9723,1.0625,0.9723,1.0625,0.0017,0.0017,"1-1/16"),
THREAD(1.1250,12.0,1.0348,1.1250,1.0348,1.1250,0.0017,0.0017,"1-1/8"),
THREAD(1.1875,12.0,1.0973,1.1875,1.0973,1.1875,0.0017,0.0017,"1-3/16"),
THREAD(1.2500,12.0,1.1598,1.2500,1.1598,1.2500,0.0018,0.0018,"1-1/4"),
THREAD(1.3125,12.0,1.2223,1.3125,1.2223,1.3125,0.0018,0.0018,"1-5/16"),
THREAD(1.3750,12.0,1.2848,1.3750,1.2848,1.3750,0.0018,0.0018,"1-3/8"),
THREAD(1.4375,12.0,1.3473,1.4375,1.3473,1.4375,0.0018,0.0018,"1-7/16"),
THREAD(1.5000,12.0,1.4098,1.5000,1.4098,1.5000,0.0018,0.0018,"1-1/2"),
THREAD(1.5625,12.0,1.4723,1.5625,1.4723,1.5625,0.0018,0.0018,"1-9/16"),
THREAD(1.6250,12.0,1.5348,1.6250,1.5348,1.6250,0.0018,0.0018,"1-5/8"),
THREAD(1.6875,12.0,1.5973,1.6875,1.5973,1.6875,0.0018,0.0018,"1-11/16"),
THREAD(1.7500,12.0,1.6598,1.7500,1.6598,1.7500,0.0018,0.0018,"1-3/4"),
THREAD(1.8125,12.0,1.7223,1.8125,1.7223,1.8125,0.0018,0.0018,"1-13/16"),
THREAD(1.8750,12.0,1.7848,1.8750,1.7848,1.8750,0.0018,0.0018,"1-7/8"),
THREAD(1.9375,12.0,1.8473,1.9375,1.8473,1.9375,0.0018,0.0018,"1-15/16"),
THREAD(2.0000,12.0,1.9098,2.0000,1.9098,2.0000,0.0018,0.0018,"2"),
THREAD(2.1250,12.0,2.0348,2.1250,2.0348,2.1250,0.0018,0.0018,"2-1/8"),
THREAD(2.2500,12.0,2.1598,2.2500,2.1598,2.2500,0.0018,0.0018,"2-1/4"),
THREAD(2.3750,12.0,2.2848,2.3750,2.2848,2.3750,0.0019,0.0019,"2-3/8"),
THREAD(2.5000,12.0,2.4098,2.5000,2.4098,2.5000,0.0019,0.0019,"2-1/2"),
THREAD(2.6250,12.0,2.5348,2.6250,2.5348,2.6250,0.0019,0.0019,"2-5/8"),
THREAD(2.7500,12.0,2.6598,2.7500,2.6598,2.7500,0.0019,0.0019,"2-3/4"),
THREAD(2.8750,12.0,2.7848,2.8750,2.7848,2.8750,0.0019,0.0019,"2-7/8"),
THREAD(3.0000,12.0,2.9098,3.0000,2.9098,3.0000,0.0019,0.0019,"3"),
THREAD(3.1250,12.0,3.0348,3.1250,3.0348,3.1250,0.0019,0.0019,"3-1/8"),
THREAD(3.2500,12.0,3.1598,3.2500,3.1598,3.2500,0.0019,0.0019,"3-1/4"),
THREAD(3.3750,12.0,3.2848,3.3750,3.2848,3.3750,0.0019,0.0019,"3-3/8"),
THREAD(3.5000,12.0,3.4098,3.5000,3.4098,3.5000,0.0019,0.0019,"3-1/2"),
THREAD(3.6250,12.0,3.5348,3.6250,3.5348,3.6250,0.0019,0.0019,"3-5/8"),
THREAD(3.7500,12.0,3.6598,3.7500,3.6598,3.7500,0.0019,0.0019,"3-3/4"),
THREAD(3.8750,12.0,3.7848,3.8750,3.7848,3.8750,0.0020,0.0020,"3-7/8"),
THREAD(4.0000,12.0,3.9098,4.0000,3.9098,4.0000,0.0020,0.0020,"4")
),
THREAD_GROUP(
DESCRIPTION("14-UN"),
DIMENSION(INCH),
THREAD_ANGLE(30.0),
INCLUDED_ANGLE(60.0),
INFEED_ID(29.0),
INFEED_OD(29),
TAPER(0.0),
THREAD(0.4375,14.0,0.3602,0.4375,0.3602,0.4375,0.0014,0.0014,"7/16"),
THREAD(0.5000,14.0,0.4227,0.5000,0.4227,0.5000,0.0015,0.0015,"1/2"),
THREAD(0.5625,14.0,0.4852,0.5625,0.4852,0.5625,0.0015,0.0015,"9/16"),
THREAD(0.6250,14.0,0.5477,0.6250,0.5477,0.6250,0.0015,0.0015,"5/8"),
THREAD(0.7500,14.0,0.6727,0.7500,0.6727,0.7500,0.0015,0.0015,"3/4"),
THREAD(0.8750,14.0,0.8750,0.7977,0.8750,0.7977,0.0016,0.0016,"7/8"),
THREAD(1.0000,14.0,0.9227,1.0000,0.9227,1.0000,0.0017,0.0017,"1"),
THREAD(1.1250,14.0,1.0477,1.1250,1.0477,1.1250,0.0016,0.0016,"1-1/8"),
THREAD(1.2500,14.0,1.1727,1.2500,1.1727,1.2500,0.0016,0.0016,"1-1/4"),
THREAD(1.3750,14.0,1.2977,1.3750,1.2977,1.3750,0.0016,0.0016,"1-3/8"),
THREAD(1.5000,14.0,1.4227,1.5000,1.4227,1.5000,0.0017,0.0017,"1-1/2"),
THREAD(1.6250,14.0,1.5477,1.6250,1.5477,1.6250,0.0017,0.0017,"1-5/8"),
THREAD(1.7500,14.0,1.6727,1.7500,1.6727,1.7500,0.0017,0.0017,"1-3/4"),
THREAD(1.8750,14.0,1.7977,1.8750,1.7977,1.8750,0.0017,0.0017,"1-7/8"),
THREAD(2.0000,14.0,1.9227,2.0000,1.9227,2.0000,0.0017,0.0017,"2"),
THREAD(2.2500,14.0,2.1727,2.2500,2.1727,2.2500,0.0017,0.0017,"2-1/4"),
THREAD(2.5000,14.0,2.4227,2.5000,2.4227,2.5000,0.0017,0.0017,"2-1/2"),
THREAD(2.7500,14.0,2.6727,2.7500,2.6727,2.7500,0.0017,0.0017,"2-3/4"),
THREAD(3.0000,14.0,2.9227,3.0000,2.9227,3.0000,0.0018,0.0018,"3"),
THREAD(3.2500,14.0,3.1727,3.2500,3.1727,3.2500,0.0018,0.0018,"3-1/4"),
THREAD(3.5000,14.0,3.4227,3.5000,3.4227,3.5000,0.0018,0.0018,"3-1/2"),
THREAD(3.7500,14.0,3.6727,3.7500,3.6727,3.7500,0.0018,0.0018,"3-3/4"),
THREAD(4.0000,14.0,3.9227,4.0000,3.9227,4.0000,0.0018,0.0018,"4")
),
THREAD_GROUP(
DESCRIPTION("16-UN"),
DIMENSION(INCH),
THREAD_ANGLE(30.0),
INCLUDED_ANGLE(60.0),
INFEED_ID(29.0),
INFEED_OD(29),
TAPER(0.0),
THREAD(0.3750,16.0,0.3073,0.3750,0.3073,0.3750,0.0013,0.0013,"3/8"),
THREAD(0.4375,16.0,0.3698,0.4375,0.3698,0.4375,0.0014,0.0014,"7/16"),
THREAD(0.5000,16.0,0.4323,0.5000,0.4323,0.5000,0.0014,0.0014,"1/2"),
THREAD(0.5625,16.0,0.4948,0.5625,0.4948,0.5625,0.0014,0.0014,"9/16"),
THREAD(0.6250,16.0,0.5573,0.6250,0.5573,0.6250,0.0014,0.0014,"5/8"),
THREAD(0.6875,16.0,0.6198,0.6875,0.6198,0.6875,0.0014,0.0014,"11/16"),
THREAD(0.7500,16.0,0.6823,0.7500,0.6823,0.7500,0.0014,0.0014,"3/4"),
THREAD(0.8125,16.0,0.7448,0.8125,0.7448,0.8125,0.0015,0.0015,"13/16"),
THREAD(0.8750,16.0,0.8073,0.8750,0.8073,0.8750,0.0015,0.0015,"7/8"),
THREAD(0.9375,16.0,0.8698,0.9375,0.8698,0.9375,0.0015,0.0015,"15/16"),
THREAD(1.0000,16.0,0.9323,1.0000,0.9323,1.0000,0.0015,0.0015,"1"),
THREAD(1.0625,16.0,0.9948,1.0625,0.9948,1.0625,0.0015,0.0015,"1-1/16"),
THREAD(1.1250,16.0,1.0573,1.1250,1.0573,1.1250,0.0015,0.0015,"1-1/8"),
THREAD(1.1875,16.0,1.1198,1.1875,1.1198,1.1875,0.0015,0.0015,"1-3/16"),
THREAD(1.2500,16.0,1.1823,1.2500,1.1823,1.2500,0.0015,0.0015,"1-1/4"),
THREAD(1.3125,16.0,1.2448,1.3125,1.2448,1.3125,0.0015,0.0015,"1-5/16"),
THREAD(1.3750,16.0,1.3073,1.3750,1.3073,1.3750,0.0015,0.0015,"1-3/8"),
THREAD(1.4375,16.0,1.3698,1.4375,1.3698,1.4375,0.0016,0.0016,"1-7/16"),
THREAD(1.5000,16.0,1.4323,1.5000,1.4323,1.5000,0.0016,0.0016,"1-1/2"),
THREAD(1.5625,16.0,1.4948,1.5625,1.4948,1.5625,0.0016,0.0016,"1-9/16"),
THREAD(1.6250,16.0,1.5573,1.6250,1.5573,1.6250,0.0016,0.0016,"1-5/8"),
THREAD(1.6875,16.0,1.6198,1.6875,1.6198,1.6875,0.0016,0.0016,"1-11/16"),
THREAD(1.7500,16.0,1.6823,1.7500,1.6823,1.7500,0.0016,0.0016,"1-3/4"),
THREAD(1.8125,16.0,1.7448,1.8125,1.7448,1.8125,0.0016,0.0016,"1-13/16"),
THREAD(1.8750,16.0,1.8073,1.8750,1.8073,1.8750,0.0016,0.0016,"1-7/8"),
THREAD(1.9375,16.0,1.8698,1.9375,1.8698,1.9375,0.0016,0.0016,"1-15/16"),
THREAD(2.0000,16.0,1.9323,2.0000,1.9323,2.0000,0.0016,0.0016,"2"),
THREAD(2.0625,16.0,1.9948,2.0625,1.9948,2.0625,0.0016,0.0016,"2-1/16"),
THREAD(2.1250,16.0,2.0573,2.1250,2.0573,2.1250,0.0016,0.0016,"2-1/8"),
THREAD(2.1875,16.0,2.1198,2.1875,2.1198,2.1875,0.0016,0.0016,"2-3/16"),
THREAD(2.2500,16.0,2.1823,2.2500,2.1823,2.2500,0.0016,0.0016,"2-1/4"),
THREAD(2.3125,16.0,2.2448,2.3125,2.2448,2.3125,0.0017,0.0017,"2-5/16"),
THREAD(2.3750,16.0,2.3073,2.3750,2.3073,2.3750,0.0017,0.0017,"2-3/8"),
THREAD(2.4375,16.0,2.3698,2.4375,2.3698,2.4375,0.0017,0.0017,"2-7/16"),
THREAD(2.5000,16.0,2.4323,2.5000,2.4323,2.5000,0.0017,0.0017,"2-1/2"),
THREAD(2.6250,16.0,2.5573,2.6250,2.5573,2.6250,0.0017,0.0017,"2-5/8"),
THREAD(2.7500,16.0,2.6823,2.7500,2.6823,2.7500,0.0017,0.0017,"2-3/4"),
THREAD(2.8750,16.0,2.8073,2.8750,2.8073,2.8750,0.0017,0.0017,"2-7/8"),
THREAD(3.0000,16.0,2.9323,3.0000,2.9323,3.0000,0.0017,0.0017,"3"),
THREAD(3.1250,16.0,3.0573,3.1250,3.0573,3.1250,0.0017,0.0017,"3-1/8"),
THREAD(3.2500,16.0,3.1823,3.2500,3.1823,3.2500,0.0017,0.0017,"3-1/4"),
THREAD(3.3750,16.0,3.3073,3.3750,3.3073,3.3750,0.0017,0.0017,"3-3/8"),
THREAD(3.5000,16.0,3.4323,3.5000,3.4323,3.5000,0.0017,0.0017,"3-1/2"),
THREAD(3.6250,16.0,3.5573,3.6250,3.5573,3.6250,0.0017,0.0017,"3-5/8,"),
THREAD(3.7500,16.0,3.6823,3.7500,3.6823,3.7500,0.0017,0.0017,"3-3/4"),
THREAD(3.8750,16.0,3.8073,3.8750,3.8073,3.8750,0.0018,0.0018,"3-7/8"),
THREAD(4.0000,16.0,3.9323,4.0000,3.9323,4.0000,0.0018,0.0018,"4")
),
THREAD_GROUP(
DESCRIPTION("18-UN"),
DIMENSION(INCH),
THREAD_ANGLE(30.0),
INCLUDED_ANGLE(60.0),
INFEED_ID(29.0),
INFEED_OD(29),
TAPER(0.0),
THREAD(0.3125,18.0,0.2524,0.3125,0.2524,0.3125,0.0012,0.0012,"5/16"),
THREAD(0.3750,18.0,0.3149,0.3750,0.3149,0.3750,0.0013,0.0013,"3/8"),
THREAD(0.4375,18.0,0.3774,0.4375,0.3774,0.4375,0.0013,0.0013,"7/16"),
THREAD(0.5000,18.0,0.4399,0.5000,0.4399,0.5000,0.0013,0.0013,"1/2"),
THREAD(0.5625,18.0,0.5024,0.5625,0.5024,0.5625,0.0014,0.0014,"9/16"),
THREAD(0.6250,18.0,0.5649,0.6250,0.5649,0.6250,0.0014,0.0014,"5/8"),
THREAD(0.7500,18.0,0.6899,0.7500,0.6899,0.7500,0.0014,0.0014,"3/4"),
THREAD(0.8750,18.0,0.8149,0.8750,0.8149,0.8750,0.0014,0.0014,"7/8"),
THREAD(1.0000,18.0,0.9399,1.0000,0.9399,1.0000,0.0014,0.0014,"1"),
THREAD(1.0625,18.0,1.0024,1.0625,1.0024,1.0625,0.0014,0.0014,"1-1/16"),
THREAD(1.1250,18.0,1.0649,1.1250,1.0649,1.1250,0.0014,0.0014,"1-1/8"),
THREAD(1.1875,18.0,1.1274,1.1875,1.1274,1.1875,0.0015,0.0015,"1-3/16"),
THREAD(1.2500,18.0,1.1899,1.2500,1.1899,1.2500,0.0015,0.0015,"1-1/4"),
THREAD(1.3125,18.0,1.2524,1.3125,1.2524,1.3125,0.0015,0.0015,"1-5/16"),
THREAD(1.3750,18.0,1.3149,1.3750,1.3149,1.3750,0.0015,0.0015,"1-3/8"),
THREAD(1.4375,18.0,1.3774,1.4375,1.3774,1.4375,0.0015,0.0015,"1-7/16"),
THREAD(1.5000,18.0,1.4399,1.5000,1.4399,1.5000,0.0015,0.0015,"1-1/2"),
THREAD(1.5625,18.0,1.5024,1.5625,1.5024,1.5625,0.0015,0.0015,"1-9/16"),
THREAD(1.6250,18.0,1.5649,1.6250,1.5649,1.6250,0.0015,0.0015,"1-5/8"),
THREAD(1.6875,18.0,1.6274,1.6875,1.6274,1.6875,0.0015,0.0015,"1-11/16"),
THREAD(1.7500,18.0,1.6899,1.7500,1.6899,1.7500,0.0015,0.0015,"1-3/4"),
THREAD(1.8750,18.0,1.8149,1.8750,1.8149,1.8750,0.0015,0.0015,"1-7/8"),
THREAD(2.0000,18.0,1.9399,2.0000,1.9399,2.0000,0.0015,0.0015,"2"),
THREAD(2.2500,18.0,2.1899,2.2500,2.1899,2.2500,0.0015,0.0015,"2-1/4"),
THREAD(2.5000,18.0,2.4399,2.5000,2.4399,2.5000,0.0016,0.0016,"2-1/2"),
THREAD(2.7500,18.0,2.6899,2.7500,2.6899,2.7500,0.0016,0.0016,"2-3/4"),
THREAD(3.0000,18.0,2.9399,3.0000,2.9399,3.0000,0.0016,0.0016,"3"),
THREAD(3.2500,18.0,3.1899,3.2500,3.1899,3.2500,0.0016,0.0016,"3-1/4"),
THREAD(3.5000,18.0,3.4399,3.5000,3.4399,3.5000,0.0017,0.0017,"3-1/2"),
THREAD(3.7500,18.0,3.6899,3.7500,3.6899,3.7500,0.0017,0.0017,"3-3/4")
),
THREAD_GROUP(
DESCRIPTION("20-UN"),
DIMENSION(INCH),
THREAD_ANGLE(30.0),
INCLUDED_ANGLE(60.0),
INFEED_ID(29.0),
INFEED_OD(29),
TAPER(0.0),
THREAD(0.2500,20.0,0.1959,0.2500,0.1959,0.2500,0.0011,0.0011,"1/4"),
THREAD(0.3125,20.0,0.2584,0.3125,0.2584,0.3125,0.0012,0.0012,"5/16"),
THREAD(0.3750,20.0,0.3209,0.3750,0.3209,0.3750,0.0012,0.0012,"3/8"),
THREAD(0.4375,20.0,0.3834,0.4375,0.3834,0.4375,0.0013,0.0013,"7/16"),
THREAD(0.5000,20.0,0.4459,0.5000,0.4459,0.5000,0.0013,0.0013,"1/2"),
THREAD(0.5625,20.0,0.5084,0.5625,0.5084,0.5625,0.0013,0.0013,"9/16"),
THREAD(0.6250,20.0,0.5709,0.6250,0.5709,0.6250,0.0013,0.0013,"5/8"),
THREAD(0.6875,20.0,0.6334,0.6875,0.6334,0.6875,0.0013,0.0013,"11/16"),
THREAD(0.7500,20.0,0.6959,0.7500,0.6959,0.7500,0.0012,0.0012,"3/4"),
THREAD(0.8125,20.0,0.7584,0.8125,0.7584,0.8125,0.0013,0.0013,"13/16"),
THREAD(0.8750,20.0,0.8209,0.8750,0.8209,0.8750,0.0013,0.0013,"7/8"),
THREAD(0.9375,20.0,0.8834,0.9375,0.8834,0.9375,0.0014,0.0014,"15/16"),
THREAD(1.0000,20.0,0.9459,1.0000,0.9459,1.0000,0.0014,0.0014,"1"),
THREAD(1.0625,20.0,1.0084,1.0625,1.0084,1.0625,0.0014,0.0014,"1-1/16"),
THREAD(1.1250,20.0,1.0709,1.1250,1.0709,1.1250,0.0014,0.0014,"1-1/8"),
THREAD(1.1875,20.0,1.1334,1.1875,1.1334,1.1875,0.0014,0.0014,"1-3/16"),
THREAD(1.2500,20.0,1.1959,1.2500,1.1959,1.2500,0.0014,0.0014,"1-1/4"),
THREAD(1.3125,20.0,1.2584,1.3125,1.2584,1.3125,0.0014,0.0014,"1-5/16"),
THREAD(1.3750,20.0,1.3209,1.3750,1.3209,1.3750,0.0014,0.0014,"1-3/8"),
THREAD(1.4375,20.0,1.3834,1.4375,1.3834,1.4375,0.0014,0.0014,"1-7/16"),
THREAD(1.5000,20.0,1.4459,1.5000,1.4459,1.5000,0.0014,0.0014,"1-1/2"),
THREAD(1.5625,20.0,1.5084,1.5625,1.5084,1.5625,0.0014,0.0014,"1-9/16"),
THREAD(1.6250,20.0,1.5709,1.6250,1.5709,1.6250,0.0014,0.0014,"1-5/8"),
THREAD(1.6875,20.0,1.6334,1.6875,1.6334,1.6875,0.0015,0.0015,"1-11/16"),
THREAD(1.7500,20.0,1.6959,1.7500,1.6959,1.7500,0.0015,0.0015,"1-3/4"),
THREAD(1.8125,20.0,1.7584,1.8125,1.7584,1.8125,0.0015,0.0015,"1-13/16"),
THREAD(1.8750,20.0,1.8209,1.8750,1.8209,1.8750,0.0015,0.0015,"1-7/8"),
THREAD(1.9375,20.0,1.8834,1.9375,1.8834,1.9375,0.0015,0.0015,"1-15/16"),
THREAD(2.0000,20.0,1.9459,2.0000,1.9459,2.0000,0.0015,0.0015,"2"),
THREAD(2.1250,20.0,2.0709,2.1250,2.0709,2.1250,0.0015,0.0015,"2-1/8"),
THREAD(2.2500,20.0,2.1959,2.2500,2.1959,2.2500,0.0015,0.0015,"2-1/4"),
THREAD(2.3750,20.0,2.3209,2.3750,2.3209,2.3750,0.0015,0.0015,"2-3/8"),
THREAD(2.5000,20.0,2.4459,2.5000,2.4459,2.5000,0.0015,0.0015,"2-1/2"),
THREAD(2.6250,20.0,2.5709,2.6250,2.5709,2.6250,0.0015,0.0015,"2-5/8"),
THREAD(2.7500,20.0,2.6959,2.7500,2.6959,2.7500,0.0015,0.0015,"2-3/4"),
THREAD(2.8750,20.0,2.8209,2.8750,2.8209,2.8750,0.0016,0.0016,"2-7/8"),
THREAD(3.0000,20.0,2.9459,3.0000,2.9459,3.0000,0.0016,0.0016,"3")
),
THREAD_GROUP(
DESCRIPTION("24-UN"),
DIMENSION(INCH),
THREAD_ANGLE(30.0),
INCLUDED_ANGLE(60.0),
INFEED_ID(29.0),
INFEED_OD(29),
TAPER(0.0),
THREAD(0.1900,24.0,0.1449,0.1900,0.1449,0.1900,0.0010,0.0010,"Size 10"),
THREAD(0.2160,24.0,0.1709,0.2160,0.1709,0.2160,0.0010,0.0010,"Size 12"),
THREAD(0.2500,24.0,0.2049,0.2500,0.2049,0.2500,0.0011,0.0011,"1/4"),
THREAD(0.3125,24.0,0.2674,0.3125,0.2674,0.3125,0.0011,0.0011,"5/16"),
THREAD(0.3750,24.0,0.3299,0.3750,0.3299,0.3750,0.0011,0.0011,"3/8"),
THREAD(0.4375,24.0,0.3924,0.4375,0.3924,0.4375,0.0011,0.0011,"7/16"),
THREAD(0.5000,24.0,0.4549,0.5000,0.4549,0.5000,0.0012,0.0012,"1/2"),
THREAD(0.5625,24.0,0.5174,0.5625,0.5174,0.5625,0.0012,0.0012,"9/16"),
THREAD(0.6250,24.0,0.5799,0.6250,0.5799,0.6250,0.0012,0.0012,"5/8"),
THREAD(0.6875,24.0,0.6424,0.6875,0.6424,0.6875,0.0012,0.0012,"11/16"),
THREAD(0.7500,24.0,0.7049,0.7500,0.7049,0.7500,0.0012,0.0012,"3/4"),
THREAD(0.8750,24.0,0.8299,0.8750,0.8299,0.8750,0.0012,0.0012,"7/8"),
THREAD(1.0000,24.0,0.9549,1.0000,0.9549,1.0000,0.0013,0.0013,"1"),
THREAD(1.1250,24.0,1.0799,1.1250,1.0799,1.1250,0.0013,0.0013,"1-1/8"),
THREAD(1.2500,24.0,1.2049,1.2500,1.2049,1.2500,0.0013,0.0013,"1-1/4"),
THREAD(1.3750,24.0,1.3299,1.3750,1.3299,1.3750,0.0013,0.0013,"1-3/8"),
THREAD(1.5000,24.0,1.4549,1.5000,1.4549,1.5000,0.0013,0.0013,"1-1/2"),
THREAD(1.6250,24.0,1.5799,1.6250,1.5799,1.6250,0.0013,0.0013,"1-5/8")
),
THREAD_GROUP(
DESCRIPTION("27-UN"),
DIMENSION(INCH),
THREAD_ANGLE(30.0),
INCLUDED_ANGLE(60.0),
INFEED_ID(29.0),
INFEED_OD(29),
TAPER(0.0),
THREAD(0.2500,27.0,0.2099,0.2500,0.2099,0.2500,0.0010,0.0010,"1/4"),
THREAD(0.3125,27.0,0.2724,0.3125,0.2724,0.3125,0.0010,0.0010,"5/16"),
THREAD(0.3750,27.0,0.3349,0.3750,0.3349,0.3750,0.0011,0.0011,"3/8"),
THREAD(0.4375,27.0,0.3974,0.4375,0.3974,0.4375,0.0011,0.0011,"7/16"),
THREAD(0.5000,27.0,0.4599,0.5000,0.4599,0.5000,0.0011,0.0011,"1/2"),
THREAD(0.5625,27.0,0.5224,0.5625,0.5224,0.5625,0.0011,0.0011,"9/16"),
THREAD(0.6250,27.0,0.5849,0.6250,0.5849,0.6250,0.0011,0.0011,"5/8"),
THREAD(0.7500,27.0,0.7099,0.7500,0.7099,0.7500,0.0012,0.0012,"3/4"),
THREAD(0.8750,27.0,0.8349,0.8750,0.8349,0.8750,0.0012,0.0012,"7/8"),
THREAD(1.0000,27.0,0.9599,1.0000,0.9599,1.0000,0.0012,0.0012,"1")
),
THREAD_GROUP(
DESCRIPTION("28-UN"),
DIMENSION(INCH),
THREAD_ANGLE(30.0),
INCLUDED_ANGLE(60.0),
INFEED_ID(29.0),
INFEED_OD(29),
TAPER(0.0),
THREAD(0.1900,28.0,0.1513,0.1900,0.1513,0.1900,0.0010,0.0010,"Size 10"),
THREAD(0.2160,28.0,0.1773,0.2160,0.1773,0.2160,0.0010,0.0010,"Size 12"),
THREAD(0.2500,28.0,0.2113,0.2500,0.2113,0.2500,0.0010,0.0010,"1/4"),
THREAD(0.3125,28.0,0.2738,0.3125,0.2738,0.3125,0.0010,0.0010,"5/16"),
THREAD(0.3750,28.0,0.3363,0.3750,0.3363,0.3750,0.0011,0.0011,"3/8"),
THREAD(0.4375,28.0,0.3988,0.4375,0.3988,0.4375,0.0011,0.0011,"7/16"),
THREAD(0.5000,28.0,0.4613,0.5000,0.4613,0.5000,0.0011,0.0011,"1/2"),
THREAD(0.5625,28.0,0.5238,0.5625,0.5238,0.5625,0.0011,0.0011,"9/16"),
THREAD(0.6250,28.0,0.5863,0.6250,0.5863,0.6250,0.0011,0.0011,"5/8"),
THREAD(0.6875,28.0,0.6488,0.6875,0.6488,0.6875,0.0011,0.0011,"11/16"),
THREAD(0.7500,28.0,0.7113,0.7500,0.7113,0.7500,0.0011,0.0011,"3/4"),
THREAD(0.8125,28.0,0.7738,0.8125,0.7738,0.8125,0.0012,0.0012,"13/16"),
THREAD(0.8750,28.0,0.8363,0.8750,0.8363,0.8750,0.0012,0.0012,"7/8"),
THREAD(0.9375,28.0,0.8988,0.9375,0.8988,0.9375,0.0012,0.0012,"15/16"),
THREAD(1.0000,28.0,0.9613,1.0000,0.9613,1.0000,0.0012,0.0012,"1"),
THREAD(1.0625,28.0,1.0238,1.0625,1.0238,1.0625,0.0012,0.0012,"1-1/16"),
THREAD(1.1250,28.0,1.0863,1.1250,1.0863,1.1250,0.0012,0.0012,"1-1/8"),
THREAD(1.1875,28.0,1.1488,1.1875,1.1488,1.1875,0.0012,0.0012,"1-3/16"),
THREAD(1.2500,28.0,1.2113,1.2500,1.2113,1.2500,0.0012,0.0012,"1-1/4"),
THREAD(1.3125,28.0,1.2738,1.3125,1.2738,1.3125,0.0012,0.0012,"1-5/16"),
THREAD(1.3750,28.0,1.3363,1.3750,1.3363,1.3750,0.0012,0.0012,"1-3/8"),
THREAD(1.5000,28.0,1.4613,1.5000,1.4613,1.5000,0.0013,0.0013,"1-1/2")
),
THREAD_GROUP(
DESCRIPTION("32-UN"),
DIMENSION(INCH),
THREAD_ANGLE(30.0),
INCLUDED_ANGLE(60.0),
INFEED_ID(29.0),
INFEED_OD(29),
TAPER(0.0),
THREAD(0.1380,32.0,0.1042,0.1380,0.1042,0.1380,0.0008,0.0008,"Size 6"),
THREAD(0.1640,32.0,0.1302,0.1640,0.1302,0.1640,0.0009,0.0009,"Size 8"),
THREAD(0.1900,32.0,0.1562,0.1900,0.1562,0.1900,0.0009,0.0009,"Size 10"),
THREAD(0.2160,32.0,0.1822,0.2160,0.1822,0.2160,0.0009,0.0009,"Size 12"),
THREAD(0.2500,32.0,0.2162,0.2500,0.2162,0.2500,0.0010,0.0010,"1/4"),
THREAD(0.3125,32.0,0.2787,0.3125,0.2787,0.3125,0.0010,0.0010,"5/16"),
THREAD(0.3750,32.0,0.3412,0.3750,0.3412,0.3750,0.0010,0.0010,"3/8"),
THREAD(0.4375,32.0,0.4037,0.4375,0.4037,0.4375,0.0010,0.0010,"7/16"),
THREAD(0.5000,32.0,0.4662,0.5000,0.4662,0.5000,0.0010,0.0010,"1/2"),
THREAD(0.5625,32.0,0.5287,0.5625,0.5287,0.5625,0.0010,0.0010,"9/16"),
THREAD(0.6250,32.0,0.5912,0.6250,0.5912,0.6250,0.0011,0.0011,"5/8"),
THREAD(0.6875,32.0,0.6537,0.6875,0.6537,0.6875,0.0018,0.0018,"11/16"),
THREAD(0.8125,32.0,0.7787,0.8125,0.7787,0.8125,0.0011,0.0011,"13/16"),
THREAD(0.8750,32.0,0.8412,0.8750,0.8412,0.8750,0.0011,0.0011,"7/8"),
THREAD(0.9375,32.0,0.9037,0.9375,0.9037,0.9375,0.0011,0.0011,"15/16"),
THREAD(1.0000,32.0,0.9662,1.0000,0.9662,1.0000,0.0011,0.0011,"1")
),
THREAD_GROUP(
DESCRIPTION("36-UN"),
DIMENSION(INCH),
THREAD_ANGLE(30.0),
INCLUDED_ANGLE(60.0),
INFEED_ID(29.0),
INFEED_OD(29),
TAPER(0.0),
THREAD(0.1640,36.0,0.1339,0.1640,0.1339,0.1640,0.0008,0.0008,"Size 8"),
THREAD(0.1900,36.0,0.1599,0.1900,0.1599,0.1900,0.0009,0.0009,"Size 10"),
THREAD(0.2160,36.0,0.1859,0.2160,0.1859,0.2160,0.0009,0.0009,"Size 12"),
THREAD(0.2500,36.0,0.2199,0.2500,0.2199,0.2500,0.0009,0.0009,"1/4"),
THREAD(0.3125,36.0,0.2824,0.3125,0.2824,0.3125,0.0009,0.0009,"5/16"),
THREAD(0.3750,36.0,0.3449,0.3750,0.3449,0.3750,0.0010,0.0010,"3/8")
),
THREAD_GROUP(
DESCRIPTION("40-UN"),
DIMENSION(INCH),
THREAD_ANGLE(30.0),
INCLUDED_ANGLE(60.0),
INFEED_ID(29.0),
INFEED_OD(29),
TAPER(0.0),
THREAD(0.1120,40.0,0.0849,0.1120,0.0849,0.1120,0.0008,0.0008,"Size 4"),
THREAD(0.1250,40.0,0.0979,0.1250,0.0979,0.1250,0.0008,0.0008,"Size 5"),
THREAD(0.1380,40.0,0.1109,0.1380,0.1109,0.1380,0.0008,0.0008,"Size 6"),
THREAD(0.1900,40.0,0.1629,0.1900,0.1629,0.1900,0.0009,0.0009,"Size 10"),
THREAD(0.2160,40.0,0.1889,0.2160,0.1889,0.2160,0.0009,0.0009,"Size 12"),
THREAD(0.2500,40.0,0.2229,0.2500,0.2229,0.2500,0.0009,0.0009,"1/4"),
THREAD(0.3125,40.0,0.2854,0.3125,0.2854,0.3125,0.0009,0.0009,"5/16"),
THREAD(0.3750,40.0,0.3479,0.3750,0.3479,0.3750,0.0009,0.0009,"3/8")
),
THREAD_GROUP(
DESCRIPTION("48-UN"),
DIMENSION(INCH),
THREAD_ANGLE(30.0),
INCLUDED_ANGLE(60.0),
INFEED_ID(29.0),
INFEED_OD(29),
TAPER(0.0),
THREAD(0.0990,48.0,0.0764,0.0990,0.0764,0.0990,0.0007,0.0007,"Size 3"),
THREAD(0.1120,48.0,0.0894,0.1120,0.0894,0.1120,0.0007,0.0007,"Size 4"),
THREAD(0.1900,48.0,0.1674,0.1900,0.1674,0.1900,0.0008,0.0008,"Size 10"),
THREAD(0.2160,48.0,0.1934,0.2160,0.1934,0.2160,0.0008,0.0008,"Size 12"),
THREAD(0.2500,48.0,0.2274,0.2500,0.2274,0.2500,0.0008,0.0008,"1/4"),
THREAD(0.3125,48.0,0.2899,0.3125,0.2899,0.3125,0.0008,0.0008,"5/16")
),
THREAD_GROUP(
DESCRIPTION("56-UN"),
DIMENSION(INCH),
THREAD_ANGLE(30.0),
INCLUDED_ANGLE(60.0),
INFEED_ID(29.0),
INFEED_OD(29),
TAPER(0.0),
THREAD(0.0860,56.0,0.0667,0.0860,0.0667,0.0860,0.0006,0.0006,"Size 2"),
THREAD(0.0990,56.0,0.0797,0.0990,0.0797,0.0990,0.0007,0.0007,"Size 3"),
THREAD(0.1900,56.0,0.1707,0.1900,0.1707,0.1900,0.0007,0.0007,"Size 10"),
THREAD(0.2160,56.0,0.1967,0.2160,0.1967,0.2160,0.0007,0.0007,"Size 12"),
THREAD(0.2500,56.0,0.2307,0.2500,0.2307,0.2500,0.0008,0.0008,"1/4")
)